1716572400 31
1716572700 31
1716573000 31
1716573300 31
1716573600 31
1716573900 31
1716574200 31
1716574500 31
1716574800 31
1716575100 31
1716575400 31
1716575700 31
1716576000 31
1716576300 31
1716576600 31
1716576900 31
1716577200 31
1716577500 31
1716577800 31
1716578100 31
1716578400 31
1716578700 31
1716579000 31
1716579300 31
1716579600 31
1716579900 31
1716580200 31
1716580500 31
1716580800 31
1716581100 31
1716581400 31
1716581700 31
1716582000 31
1716582300 31
1716582600 31
1716582900 31
1716583200 31
1716583500 31
1716583800 31
1716584100 31
1716584400 31
1716584700 31
1716585000 31
1716585300 31
1716585600 31
1716585900 31
1716586200 31
1716586500 31
1716586800 31
1716587100 31
1716587400 31
1716587700 31
1716588000 31
1716588300 31
1716588600 31
1716588900 31
1716589200 31
1716589500 31
1716589800 31
1716590100 31
1716590400 31
1716590700 31
1716591000 31
1716591300 31
1716591600 31
1716591900 31
1716592200 31
1716592500 31
1716592800 31
1716593100 31
1716593400 31
1716593700 31
1716594000 31
1716594300 31
1716594600 31
1716594900 31
1716595200 31
1716595500 31
1716595800 31
1716596100 31
1716596400 31
1716596700 31
1716597000 31
1716597300 31
1716597600 31
1716597900 31
1716598200 31
1716598500 31
1716598800 31
1716599100 31
1716599400 31
1716599700 31
1716600000 31
1716600300 31
1716600600 31
1716600900 31
1716601200 31
1716601500 31
1716601800 31
1716602100 31
1716602400 31
1716602700 31
1716603000 31
1716603300 31
1716603600 31
1716603900 37
1716604200 38
1716604500 40
1716604800 41
1716605100 42
1716605400 43
1716605700 42
1716606000 42
1716606300 42
1716606600 42
1716606900 42
1716607200 43
1716607500 43
1716607800 43
1716608100 43
1716608400 43
1716608700 43
1716609000 43
1716609300 43
1716609600 43
1716609900 43
1716610200 43
1716610500 43
1716610800 43
1716611100 43
1716611400 43
1716611700 43
1716612000 43
1716612300 43
1716612600 44
1716612900 43
1716613200 43
1716613500 43
1716613800 43
1716614100 43
1716614400 43
1716614700 43
1716615000 43
1716615300 43
1716615600 43
1716615900 43
1716616200 43
1716616500 43
1716616800 43
1716617100 43
1716617400 43
1716617700 43
1716618000 43
1716618300 43
1716618600 43
1716618900 43
1716619200 43
1716619500 43
1716619800 43
1716620100 43
1716620400 43
1716620700 43
1716621000 43
1716621300 43
1716621600 43
1716621900 43
1716622200 43
1716622500 43
1716622800 43
1716623100 43
1716623400 43
1716623700 43
1716624000 43
1716624300 43
1716624600 43
1716624900 43
1716625200 43
1716625500 43
1716625800 43
1716626100 43
1716626400 43
1716626700 43
1716627000 43
1716627300 43
1716627600 43
1716627900 43
1716628200 43
1716628500 44
1716628800 45
1716629100 38
1716629400 38
1716629700 38
1716630000 38
1716630300 38
1716630600 38
1716630900 38
1716631200 38
1716631500 38
1716631800 38
1716632100 38
1716632400 38
1716632700 38
1716633000 38
1716633300 41
1716633600 42
1716633900 42
1716634200 42
1716634500 42
1716634800 42
1716635100 42
1716635400 42
1716635700 38
1716636000 38
1716636300 38
1716636600 38
1716636900 38
1716637200 38
1716637500 41
1716637800 42
1716638100 42
1716638400 42
1716638700 42
1716639000 42
1716639300 42
1716639600 42
1716639900 42
1716640200 42
1716640500 42
1716640800 42
1716641100 42
1716641400 42
1716641700 42
1716642000 42
1716642300 42
1716642600 42
1716642900 42
1716643200 42
1716643500 42
1716643800 42
1716644100 42
1716644400 42
1716644700 42
1716645000 42
1716645300 42
1716645600 42
1716645900 42
1716646200 42
1716646500 42
1716646800 42
1716647100 42
1716647400 42
1716647700 42
1716648000 42
1716648300 42
1716648600 42
1716648900 42
1716649200 42
1716649500 42
1716649800 42
1716650100 42
1716650400 42
1716650700 42
1716651000 42
1716651300 42
1716651600 42
1716651900 42
1716652200 42
1716652500 42
1716652800 42
1716653100 42
1716653400 42
1716653700 42
1716654000 42
1716654300 42
1716654600 42
1716654900 42
1716655200 42
1716655500 42
1716655800 42
1716656100 42
1716656400 42
1716656700 42
1716657000 42
1716657300 42
1716657600 42
1716657900 42
1716658200 42
1716658500 42
1716658800 42
1716659100 42
1716659400 42
1716659700 42
1716660000 42
1716660300 42
1716660600 42
1716660900 42
1716661200 42
1716661500 42
1716661800 42
1716662100 42
1716662400 42
1716662700 42
1716663000 42
1716663300 42
1716663600 42
1716663900 42
1716664200 42
1716664500 42
1716664800 42
1716665100 42
1716665400 42
1716665700 42
1716666000 42
1716666300 42
1716666600 42
1716666900 42
1716667200 42
1716667500 42
1716667800 42
1716668100 42
1716668400 42
1716668700 42
1716669000 42
1716669300 42
1716669600 42
1716669900 42
1716670200 42
1716670500 42
1716670800 42
1716671100 42
1716671400 42
1716671700 42
1716672000 42
1716672300 42
1716672600 42
1716672900 42
1716673200 42
1716673500 42
1716673800 42
1716674100 42
1716674400 42
1716674700 42
1716675000 42
1716675300 42
1716675600 42
1716675900 42
1716676200 42
1716676500 42
1716676800 42
1716677100 42
1716677400 42
1716677700 42
1716678000 42
1716678300 42
1716678600 42
1716678900 42
1716679200 42
1716679500 42
1716679800 42
1716680100 42
1716680400 42
1716680700 42
1716681000 42
1716681300 42
1716681600 42
1716681900 42
1716682200 42
1716682500 42
1716682800 42
1716683100 42
1716683400 42
1716683700 42
1716684000 42
1716684300 42
1716684600 42
1716684900 42
1716685200 42
1716685500 29
1716685800 29
1716686100 29
1716686400 30
1716686700 29
1716687000 29
1716687300 29
1716687600 29
1716687900 29
1716688200 30
1716688500 30
1716688800 30
1716689100 30
1716689400 30
1716689700 30
1716690000 30
1716690300 30
1716690600 30
1716690900 30
1716691200 30
1716691205 30
1716691805 30
1716691805 30
